55.944425,-3.188396,SE,55.944212867965646,-3.1881838679656442,0.0,250.0
55.944212867965646,-3.1881838679656442,NNW,55.9444900318254,-3.1882986729953537,72.71941375732422,351.147216796875
55.9444900318254,-3.1882986729953537,SE,55.94427789979105,-3.188086540960998,72.71941375732422,349.897216796875
55.94427789979105,-3.188086540960998,ESE,55.944163094761336,-3.1878093771012446,72.71941375732422,348.647216796875
55.944163094761336,-3.1878093771012446,SSE,55.94388593090158,-3.187694572071535,72.71941375732422,347.397216796875
55.94388593090158,-3.187694572071535,SW,55.94367379886722,-3.187906704105891,72.71941375732422,346.147216796875
55.94367379886722,-3.187906704105891,E,55.94367379886722,-3.1876067041058906,72.71941375732422,344.897216796875
55.94367379886722,-3.1876067041058906,W,55.94367379886722,-3.187906704105891,72.71941375732422,343.647216796875
55.94367379886722,-3.187906704105891,WSW,55.94355899383751,-3.1881838679656442,72.71941375732422,342.397216796875
55.94355899383751,-3.1881838679656442,SE,55.94334686180316,-3.1879717359312885,72.71941375732422,341.147216796875
55.94334686180316,-3.1879717359312885,N,55.94364686180316,-3.1879717359312885,72.71941375732422,339.897216796875
55.94364686180316,-3.1879717359312885,NNW,55.943924025662916,-3.188086540960998,72.71941375732422,338.647216796875
55.943924025662916,-3.188086540960998,NE,55.94413615769727,-3.187874408926642,72.71941375732422,337.397216796875
55.94413615769727,-3.187874408926642,SW,55.943924025662916,-3.188086540960998,72.71941375732422,336.147216796875
55.943924025662916,-3.188086540960998,SE,55.94371189362856,-3.187874408926642,72.71941375732422,334.897216796875
55.94371189362856,-3.187874408926642,ENE,55.94382669865827,-3.187597245066889,72.71941375732422,333.647216796875
55.94382669865827,-3.187597245066889,SSW,55.943549534798514,-3.1877120500965983,72.71941375732422,332.397216796875
55.943549534798514,-3.1877120500965983,SSW,55.94327237093876,-3.187826855126308,6.543296813964844,270.92608642578125
55.94327237093876,-3.187826855126308,ESE,55.94315756590905,-3.1875496912665544,6.543296813964844,269.67608642578125
55.94315756590905,-3.1875496912665544,SE,55.94294543387469,-3.1873375592321986,6.543296813964844,268.42608642578125
55.94294543387469,-3.1873375592321986,E,55.94294543387469,-3.1870375592321984,6.543296813964844,267.17608642578125
55.94294543387469,-3.1870375592321984,W,55.94294543387469,-3.1873375592321986,61.397491455078125,281.300630569458
55.94294543387469,-3.1873375592321986,S,55.94264543387469,-3.1873375592321986,61.397491455078125,280.050630569458
55.94264543387469,-3.1873375592321986,NW,55.942857565909044,-3.1875496912665544,61.397491455078125,278.800630569458
55.942857565909044,-3.1875496912665544,SW,55.94264543387469,-3.18776182330091,53.53942584991455,159.5599308013916
55.94264543387469,-3.18776182330091,WNW,55.9427602389044,-3.1880389871606636,53.53942584991455,158.3099308013916
55.9427602389044,-3.1880389871606636,NE,55.942972370938755,-3.187826855126308,53.53942584991455,157.0599308013916
55.942972370938755,-3.187826855126308,ENE,55.943087175968465,-3.1875496912665544,53.53942584991455,155.8099308013916
55.943087175968465,-3.1875496912665544,W,55.943087175968465,-3.1878496912665546,53.53942584991455,154.5599308013916
55.943087175968465,-3.1878496912665546,ENE,55.943201980998175,-3.187572527406801,53.53942584991455,153.3099308013916
55.943201980998175,-3.187572527406801,SE,55.94298984896382,-3.1873603953724454,53.53942584991455,152.0599308013916
55.94298984896382,-3.1873603953724454,ESE,55.94287504393411,-3.187083231512692,53.53942584991455,150.8099308013916
55.94287504393411,-3.187083231512692,NE,55.943087175968465,-3.1868710994783362,53.53942584991455,149.5599308013916
55.943087175968465,-3.1868710994783362,SSW,55.94281001210871,-3.1869859045080458,53.53942584991455,148.3099308013916
55.94281001210871,-3.1869859045080458,N,55.94311001210871,-3.1869859045080458,53.53942584991455,147.0599308013916
55.94311001210871,-3.1869859045080458,E,55.94311001210871,-3.1866859045080456,53.53942584991455,145.8099308013916
55.94311001210871,-3.1866859045080456,ESE,55.942995207079,-3.186408740648292,53.53942584991455,144.5599308013916
55.942995207079,-3.186408740648292,SSE,55.942718043219244,-3.1862939356185827,70.1253137588501,161.10633659362793
55.942718043219244,-3.1862939356185827,W,55.942718043219244,-3.186593935618583,70.1253137588501,159.85633659362793
55.942718043219244,-3.186593935618583,N,55.94301804321925,-3.186593935618583,70.1253137588501,158.60633659362793
55.94301804321925,-3.186593935618583,W,55.94301804321925,-3.186893935618583,70.1253137588501,157.35633659362793
55.94301804321925,-3.186893935618583,SSE,55.94274087935949,-3.1867791305888735,70.1253137588501,156.10633659362793
55.94274087935949,-3.1867791305888735,NE,55.94295301139385,-3.1865669985545177,70.1253137588501,154.85633659362793
55.94295301139385,-3.1865669985545177,N,55.94325301139385,-3.1865669985545177,70.1253137588501,153.60633659362793
55.94325301139385,-3.1865669985545177,S,55.94295301139385,-3.1865669985545177,70.1253137588501,152.35633659362793
55.94295301139385,-3.1865669985545177,NNW,55.9432301752536,-3.1866818035842273,70.1253137588501,151.10633659362793
55.9432301752536,-3.1866818035842273,SE,55.94301804321925,-3.1864696715498715,70.1253137588501,149.85633659362793
55.94301804321925,-3.1864696715498715,N,55.94331804321925,-3.1864696715498715,70.1253137588501,148.60633659362793
55.94331804321925,-3.1864696715498715,S,55.94301804321925,-3.1864696715498715,70.1253137588501,147.35633659362793
55.94301804321925,-3.1864696715498715,WNW,55.94313284824896,-3.186746835409625,70.1253137588501,146.10633659362793
55.94313284824896,-3.186746835409625,W,55.94313284824896,-3.187046835409625,70.1253137588501,144.85633659362793
55.94313284824896,-3.187046835409625,SE,55.9429207162146,-3.1868347033752693,70.1253137588501,143.60633659362793
55.9429207162146,-3.1868347033752693,ENE,55.94303552124431,-3.186557539515516,70.1253137588501,142.35633659362793
55.94303552124431,-3.186557539515516,NW,55.94324765327867,-3.1867696715498717,70.1253137588501,141.10633659362793
55.94324765327867,-3.1867696715498717,E,55.94324765327867,-3.1864696715498715,70.1253137588501,139.85633659362793
55.94324765327867,-3.1864696715498715,NE,55.943459785313024,-3.1862575395155157,70.1253137588501,138.60633659362793
55.943459785313024,-3.1862575395155157,E,55.943459785313024,-3.1859575395155155,70.1253137588501,137.35633659362793
55.943459785313024,-3.1859575395155155,SE,55.94324765327867,-3.1857454074811598,70.1253137588501,136.10633659362793
55.94324765327867,-3.1857454074811598,SE,55.94303552124431,-3.185533275446804,70.1253137588501,134.85633659362793
55.94303552124431,-3.185533275446804,NNE,55.94331268510407,-3.1854184704170945,70.1253137588501,133.60633659362793
55.94331268510407,-3.1854184704170945,NNE,55.943589848963825,-3.185303665387385,70.1253137588501,132.35633659362793
55.943589848963825,-3.185303665387385,S,55.94328984896382,-3.185303665387385,187.92244052886963,209.25389671325684
55.94328984896382,-3.185303665387385,NE,55.94350198099818,-3.185091533353029,187.92244052886963,208.00389671325684
55.94350198099818,-3.185091533353029,NNE,55.943779144857935,-3.1849767283233197,187.92244052886963,206.75389671325684
55.943779144857935,-3.1849767283233197,E,55.943779144857935,-3.1846767283233195,247.9517297744751,303.88841819763184
55.943779144857935,-3.1846767283233195,W,55.943779144857935,-3.1849767283233197,247.9517297744751,302.63841819763184
55.943779144857935,-3.1849767283233197,E,55.943779144857935,-3.1846767283233195,247.9517297744751,301.38841819763184
55.943779144857935,-3.1846767283233195,ESE,55.943664339828224,-3.184399564463566,247.9517297744751,300.13841819763184
55.943664339828224,-3.184399564463566,WNW,55.943779144857935,-3.1846767283233195,247.9517297744751,298.88841819763184
55.943779144857935,-3.1846767283233195,E,55.943779144857935,-3.1843767283233193,247.9517297744751,297.63841819763184
55.943779144857935,-3.1843767283233193,SSW,55.94350198099818,-3.184491533353029,247.9517297744751,296.38841819763184
55.94350198099818,-3.184491533353029,NNE,55.943779144857935,-3.1843767283233193,247.9517297744751,295.13841819763184
55.943779144857935,-3.1843767283233193,NNW,55.94405630871769,-3.184491533353029,247.9517297744751,293.88841819763184
55.94405630871769,-3.184491533353029,NNW,55.94433347257745,-3.1846063383827383,247.9517297744751,292.63841819763184
55.94433347257745,-3.1846063383827383,SW,55.94412134054309,-3.184818470417094,247.9517297744751,291.38841819763184
55.94412134054309,-3.184818470417094,NNW,55.94439850440285,-3.1849332754468036,247.9517297744751,290.13841819763184
55.94439850440285,-3.1849332754468036,NNW,55.944675668262605,-3.185048080476513,247.9517297744751,288.88841819763184
55.944675668262605,-3.185048080476513,E,55.944675668262605,-3.184748080476513,181.10926151275635,282.2496609687805
55.944675668262605,-3.184748080476513,W,55.944675668262605,-3.185048080476513,181.10926151275635,280.9996609687805
55.944675668262605,-3.185048080476513,NNW,55.94495283212236,-3.1851628855062226,181.10926151275635,279.7496609687805
55.94495283212236,-3.1851628855062226,S,55.94465283212236,-3.1851628855062226,181.10926151275635,278.4996609687805
55.94465283212236,-3.1851628855062226,SSW,55.9443756682626,-3.185277690535932,181.10926151275635,277.2496609687805
55.9443756682626,-3.185277690535932,WSW,55.94426086323289,-3.1855548543956855,181.10926151275635,275.9996609687805
55.94426086323289,-3.1855548543956855,SE,55.944048731198535,-3.1853427223613298,181.10926151275635,274.7496609687805
55.944048731198535,-3.1853427223613298,E,55.944048731198535,-3.1850427223613296,181.10926151275635,273.4996609687805
55.944048731198535,-3.1850427223613296,NNE,55.94432589505829,-3.18492791733162,181.10926151275635,272.2496609687805
55.94432589505829,-3.18492791733162,ESE,55.94421109002858,-3.1846507534718667,181.10926151275635,270.9996609687805
55.94421109002858,-3.1846507534718667,ENE,55.94432589505829,-3.1843735896121133,181.10926151275635,269.7496609687805
55.94432589505829,-3.1843735896121133,WSW,55.94421109002858,-3.1846507534718667,181.10926151275635,268.4996609687805
55.94421109002858,-3.1846507534718667,SE,55.943998957994225,-3.184438621437511,181.10926151275635,267.2496609687805
55.943998957994225,-3.184438621437511,SSW,55.94372179413447,-3.1845534264672204,181.10926151275635,265.9996609687805
55.94372179413447,-3.1845534264672204,NNW,55.943998957994225,-3.18466823149693,181.10926151275635,264.7496609687805
55.943998957994225,-3.18466823149693,NNW,55.94427612185398,-3.1847830365266394,181.10926151275635,263.4996609687805
55.94427612185398,-3.1847830365266394,SE,55.944063989819625,-3.1845709044922836,181.10926151275635,262.2496609687805
55.944063989819625,-3.1845709044922836,SSW,55.94378682595987,-3.184685709521993,181.10926151275635,260.9996609687805
55.94378682595987,-3.184685709521993,WSW,55.94367202093016,-3.1849628733817466,181.10926151275635,259.7496609687805
55.94367202093016,-3.1849628733817466,E,55.94367202093016,-3.1846628733817464,181.10926151275635,258.4996609687805
55.94367202093016,-3.1846628733817464,WSW,55.94355721590045,-3.1849400372414998,181.10926151275635,257.2496609687805
55.94355721590045,-3.1849400372414998,S,55.943257215900445,-3.1849400372414998,181.10926151275635,255.99966096878052
55.943257215900445,-3.1849400372414998,ESE,55.943142410870735,-3.1846628733817464,181.10926151275635,254.74966096878052
55.943142410870735,-3.1846628733817464,SSE,55.94286524701098,-3.184548068352037,286.2922143936157,339.96456575393677
55.94286524701098,-3.184548068352037,NW,55.943077379045334,-3.1847602003863926,369.62236881256104,436.44022035598755
55.943077379045334,-3.1847602003863926,SW,55.94286524701098,-3.1849723324207484,361.2736406326294,315.45711183547974
55.94286524701098,-3.1849723324207484,E,55.94286524701098,-3.184672332420748,361.2736406326294,314.20711183547974
55.94286524701098,-3.184672332420748,WNW,55.94298005204069,-3.1849494962805016,361.2736406326294,312.95711183547974
55.94298005204069,-3.1849494962805016,SSE,55.94270288818093,-3.184834691250792,361.2736406326294,311.70711183547974
55.94270288818093,-3.184834691250792,E,55.94270288818093,-3.184534691250792,361.2736406326294,310.45711183547974
55.94270288818093,-3.184534691250792,WNW,55.94281769321064,-3.1848118551105453,361.2736406326294,309.20711183547974
55.94281769321064,-3.1848118551105453,ESE,55.94270288818093,-3.184534691250792,361.2736406326294,307.95711183547974
55.94270288818093,-3.184534691250792,W,55.94270288818093,-3.184834691250792,361.2736406326294,306.70711183547974
55.94270288818093,-3.184834691250792,NW,55.94291502021529,-3.185046823285148,361.2736406326294,305.45711183547974
55.94291502021529,-3.185046823285148,N,55.94321502021529,-3.185046823285148,361.2736406326294,304.20711183547974
55.94321502021529,-3.185046823285148,NW,55.94342715224965,-3.1852589553195036,361.2736406326294,302.95711183547974
55.94342715224965,-3.1852589553195036,NW,55.943639284284004,-3.1854710873538594,361.2736406326294,301.70711183547974
55.943639284284004,-3.1854710873538594,SSW,55.94336212042425,-3.185585892383569,361.2736406326294,300.45711183547974
55.94336212042425,-3.185585892383569,SSE,55.94308495656449,-3.1854710873538594,361.2736406326294,299.20711183547974
55.94308495656449,-3.1854710873538594,S,55.94278495656449,-3.1854710873538594,361.2736406326294,297.95711183547974
55.94278495656449,-3.1854710873538594,E,55.94278495656449,-3.1851710873538592,361.2736406326294,296.70711183547974
55.94278495656449,-3.1851710873538592,N,55.94308495656449,-3.1851710873538592,265.9894914627075,272.49935960769653
55.94308495656449,-3.1851710873538592,ESE,55.94297015153478,-3.184893923494106,265.9894914627075,271.24935960769653
55.94297015153478,-3.184893923494106,SSE,55.942692987675024,-3.1847791184643963,265.9894914627075,269.99935960769653
55.942692987675024,-3.1847791184643963,E,55.942692987675024,-3.184479118464396,265.9894914627075,268.74935960769653
55.942692987675024,-3.184479118464396,NNE,55.94297015153478,-3.1843643134346866,265.9894914627075,267.49935960769653
55.94297015153478,-3.1843643134346866,W,55.94297015153478,-3.184664313434687,265.9894914627075,266.24935960769653
55.94297015153478,-3.184664313434687,NNW,55.94324731539454,-3.1847791184643963,265.9894914627075,264.99935960769653
55.94324731539454,-3.1847791184643963,S,55.942947315394534,-3.1847791184643963,265.9894914627075,263.74935960769653
55.942947315394534,-3.1847791184643963,ESE,55.94283251036482,-3.184501954604643,265.9894914627075,262.49935960769653
55.94283251036482,-3.184501954604643,W,55.94283251036482,-3.184801954604643,265.9894914627075,261.24935960769653
55.94283251036482,-3.184801954604643,NE,55.94304464239918,-3.1845898225702873,265.9894914627075,259.99935960769653
55.94304464239918,-3.1845898225702873,NW,55.943256774433536,-3.184801954604643,265.9894914627075,258.74935960769653
55.943256774433536,-3.184801954604643,SW,55.94304464239918,-3.185014086638999,265.9894914627075,257.49935960769653
55.94304464239918,-3.185014086638999,NNE,55.943321806258936,-3.1848992816092894,265.9894914627075,256.24935960769653
55.943321806258936,-3.1848992816092894,S,55.94302180625893,-3.1848992816092894,265.9894914627075,254.99935960769653
55.94302180625893,-3.1848992816092894,ESE,55.94290700122922,-3.184622117749536,265.9894914627075,253.74935960769653
55.94290700122922,-3.184622117749536,ESE,55.94279219619951,-3.1843449538897826,265.9894914627075,252.49935960769653
55.94279219619951,-3.1843449538897826,WSW,55.9426773911698,-3.184622117749536,265.9894914627075,251.24935960769653
55.9426773911698,-3.184622117749536,WNW,55.94279219619951,-3.1848992816092894,265.9894914627075,249.99935960769653
55.94279219619951,-3.1848992816092894,NW,55.94300432823387,-3.185111413643645,265.9894914627075,248.74935960769653
55.94300432823387,-3.185111413643645,NE,55.943216460268225,-3.1848992816092894,265.9894914627075,247.49935960769653
55.943216460268225,-3.1848992816092894,N,55.94351646026823,-3.1848992816092894,265.9894914627075,246.24935960769653
55.94351646026823,-3.1848992816092894,NW,55.943728592302584,-3.185111413643645,265.9894914627075,244.99935960769653
55.943728592302584,-3.185111413643645,N,55.94402859230259,-3.185111413643645,265.9894914627075,243.74935960769653
55.94402859230259,-3.185111413643645,SSE,55.943751428442